0
0
3.79
0
4.668
0
0
0
0
0
4.468
0
0
5.289
0
0
0
0
0
0
0
0
0
0
0
0
0
0
0
2.084
0
8.606
0
0
0
0
0
0
0
1.193
0
5.314
0
0
0
0
0
0
0
0
0
0
0
0
0
0
0.46
0
0
10.267
0
0
0
0
0
0
0
0
0
1.24
0
0
0
0
0
0
0
1.742
0
0
0
0
0
0
0
1.916
0
0
0
0
0
0
0
0
0
0
0
0
1.658
0
0
0
0
0
0
0
0
0
0
0
0
0
0
0
0
0
6.157
0
0
0
0
0
0
0
0
0
0
0
0
0
1
0
0
0.647
0
0
0
0
0
0
0
0
0
0
4.251
0
0
0
0
0
7.977
1.112
0
0
0
0
0
0
0
0
0
0.971
0
0
0
0
0
0.722
0
0
4.375
0
0
0
0
0
0
0
0
5.92
0
1.2
0
0
0
0
1.987
0
2.415
0
0
0.628
0
0
0
1.236
0
8.068
0
0
0
0
0
0
0
0
0
6.282
0
0
0
0
0
0
0
0
2.828
0
0
0
0
0
0
5.632
0.949
0
0
0
0
4.198
0
1.991
0
0
0
4.537
0
0
0
0
0
0
0
2.172
0
0
0
0
0
0
7.217
0
0
0
0
1.883
0
0
0
0
0
0
0
0
0
0.532
0
0
0
0
0
0
0
0
0
0
0
0
0
1.873
0
0
0
0
3.112
1.542
0
0
0
0
0
0
0.799
0
0
0
0
0
4.19
0
0
0
0
0
0
0
0
0
0
0
0
0
0
0
0
0
0
0
0
0
0
0
0
0
0
0
0
0
0
0
0
0
0
0
0
0
0
0
0
0
0
0
0
0
0
0.452
0
0
0
0
0
0
0
0
0
0
0
0
0
0
0
0
1.378
0
0
0
0
0
2.958
0
0
0
0
1.289
0
0
2.881
0.573
0
0
0
0
0
0
0
0
0
0
2.738
0
0
0
4.447
0
0
0
2.23
0
0
0
0
1.663
0
0.647
0
0.979
0
0
3.148
0
2.106
0.709
0
0
0
0
2.231
0
5.188
1.291
0
0
0
0
1.738
0
0
0.798
0
0
0
0
0
0
0
0
0
6.653
3.696
0
0
0
0
0
0.786
0
2.245
0.454
1.141
0
0
0
0
0
0.957
0
4.661
0.245
0
0
0
0
0
0
7.569
0
0
0
0
0
0
0
0
0
1.147
0
0
1.17
0
0
0
0
2.118
0
0
0
0
1.301
0
0
0
6.451
4.046
0
0
0.928
0
2.968
0
0
0
0
0
0
1.087
0
0.676
0
0
0
0
0
0
12.22
0
0
0
0
0.968
11.9
0
0
0
0
0
2.712
0
0
0
0
0
0
0
0
1.304
0
0
0
0
0.464
0
4.19
0
0
0
0
8.28
0
1.045
0
0.71
0
0
3.142
0
0
0
0
0
0
0.801
0
0
0
0
0
2.948
0
0
2.575
0
0
4.914
0
0
0
0
0
0
0
0
0
0
0
0.668
0
0
0.893
0
0
0
0
0
2.394
0
0
1.899
0
0
4.345
0
0
0.584
0
0.311
0
0
0
0
0
0
0
0
1.448
0
0
1.069
0
0
0
0
0.733
0
0
0
0
0
0
0
0
0
0
0
0
0
0
0
0
0
0
0
0
0
2.564
0.624
0
0
0
4.089
0
0
0
3.994
0
0
0
0
0
0
0
0
0
1.527
0
0
0
0
0
0
0.578
2.04
0
0
0.538
0
0
0
0
0
1.609
1.417
1.198
0
0
2.006
0
0
0
0
0.83
0
1.69
0.946
0
0
0
2.41
0
0
0
0
0
0
0
0
0
0
0.449
0
1.277
1.012
0
7.021
0
0
0
0
0
1.152
0.976
0
0
2.09
0
1.681
0
0
0
0
0
0
0
0
1.648
0
1.388
0
3.536
0
2.719
0
0
0
0
0
0
0
0
0
0
0
0.676
0
5.765
0
0
0
0
0
0
0
1.313
0
0
4.967
0
0
3.771
0
0
0
0
3.099
0
0
0
2.083
0
0
0
0.946
0
0
3.861
0
0
0
0
1.627
0
0.49
0
1.865
0
4.797
0
3.458
0
1.221
0
0
0
1.352
0
4.467
0
0
0
0
0.972
0
0
0
3.527
0
5.212
1.992
0
0
0
1.495
0
7.943
0
2.712
0
1.069
0
2.964
0
0
0.876
0
0
0.204
0
0
4.474
0
0
0
0
10.828
5.338
0
0
0
0
0
3.025
0
2.594
0
3.819
0
0
0
0
0
1.254
0
0
0
1.869
0
0
0
0
0
0
4.701
0
0
8.171
0
1.855
0
0
0
9.395
0
0.731
0
0
0.843
2.875
2.116
0
0
0
0
0
0
0
0
0
0
1.467
0
0
0
16.542
0.831
0
0
0
0
4.573
0
0
0
0
0
0
1.384
0
0
0
0
0
0
0.95
0
0
0
0
0
0
0
14.6
0
0
1.807
3.622
0
0.778
0
0
0
0
0
0
4.83
0
2.479
0
0.448
0
0
0
0
0
0
0
0.44
0
9.156
0
0
0
3.677
0
0
1.978
1.865
0
0
0
0
4.996
0
0
0
1.182
2.932
0
0
0
1.991
0
0.575
0
0
0
8.271
0
0
1.864
0
0
0
0
3.699
0
0
0
0
0
0
0
3.417
0.942
0
0
0
0
0
0
0
0
0
4.67
0
0
2.333
0.822
0
0
0
0
4.71
0
0
0
0
0
0
0
0
0
0
0
0
0
0
0
0
2.351
0
0
0
1.852
0
0
0
0
0
3.207
6.348
0
0
0
0
0
0
0
0
0
0.703
0
0
0
0
0
0.873
0
0
0
2.352
0
0
0
0
0
0
0
14.929
0
0
0
0
0
0
0
0
1.547
9.058
0
0
0
0
0
0.576
0
0
6.632
0
0
0
0
0
0
0
0
17.236
0
0
0
0
2.282
0
0
0
4.043
0
0
0
0
0
0
0
0
0
0
0
0
0
0
0
0
0
1.234
4.847
0
0
4.217
0
0
0
4.804
5.128
0
0
0
1.792
0
0
0
0
0
2.33
0
0
0
0
0
0
0
0
0
6.764
11.737
0
0
0
0
0
5.902
3.403
0
0
0
0
0
1.968
0
0
0
0
2.249
0
0
0
1.611
0
0
0
0.888
1.133
0
0
0
0
0
0
12.675
0
0
0
0
0
0
0
0
0
2.029
0
0
0
0.729
0
0
0
0
0
0
0
0.44
0
0.381
0
0
0
10.479
0
0
0
0
0
0
0
1.914
0
0
0
0
0.622
0
2.712
0
0.915
0
0
0
0
0
1.005
0
1.364
0
0
6.672
0
0
0
0.908
0
0
0
0
1.016
1.586
3.515
0.706
0
0
0
0
0
0
2.198
0
0
0.738
0
0
0
0
0
0
0
1.678
0
2.718
0
0
0
0
0
0
0
5.494
0
0.475
0
0
0
0
0.816
0
2.172
1.523
0
0
0
0
0
0
1.082
0
0
0
0
1.926
0
0
0.823
0
0
0
0
0
0
0
0
0
0
0
0
0
0
1.929
0
0
0
2.508
0
0
4.021
0
0
0
0
0
0
0
1.516
0
0
0
0
0
0
0
7.534
0
0
1.037
0.757
0
0
2.382
0
0
0
0
0
0
0
0
0
6.562
0
0
0
0
0
0
2.993
0
0
0
0
0
0
1.225
2.157
0
1.686
0
0
0
0
0
0
0
0
0
10.55
0
0
0
0
0
0
0
0
0
0
0
0
0
0
6.945
0
2.709
0
0
0
0
0
0
0
0
0
0
8.751
0
0
0
0
0
0
0
0
0
0
0
0
0
4.74
0
1.693
0
0
0
0
1.058
0
0
0
0
0
6.976
0
0
0
0
0
0
0
0
0
0
0
0
0
6.714
0
1.19
0
0
0
0
0
3.452
0
0
0
0
0
0
0
0.518
0
0.731
0
0
0
0
0
0
0
0
0
0
0
0
0
0
0
0
5.412
0
0
0
0
0
6.409
0
0.358
0
3.773
0
0
0
0
0
0.665
0
0
0
1.602
0
4.347
0
0
0
0
4.618
0
0
0
0
0
7.529
0
0
0
1.061
0.503
1.367
0
0
0
0
0
0
0
0
11.041
0
0
0
0
0.921
0
0
0
0
0
0
0
0
0
0
0
0
2.013
0
0
1.152
0
0
0
0
0
1.328
0
0
0
0
0.726
0
0
0
0
0
0
5.13
0
0
0
0
0
2.498
0
0
0
0
0
0
0
0
2.249
0
0
0
0
0
0
0
0
0
0
0
3.616
0
0
0
0
0
3.243
0
0
0
0
0
0
0
1.013
3.794
0
0
0
0
0
0
0.276
0
0
0
0
5.181
0
3.157
0
0
2.291
0
1.53
0
0
0
0
0
0
0.68
0.627
0
0
0
2.552
0
0
0.768
0
0
0
0.323
0
2.167
0
0
0
1.347
0
0
0
0
0
0
0
0
2.443
0
0
0
0
0
0
0
2.358
0
2.608
0
0
1.11
0
0
0
2.088
0
0
0
0
0
0
0
0
0
4.688
0
0
0
0
0
0
0
0
0
0
0
0
2.738
0
0
0
0
0
1.045
0
0.554
0
0
0
0
0
11.458
0
0
0
0
0
0
0
0
0
0
0
0
1.991
0.735
0
0
0
0
0
0
0
0
0
0
0
4.758
0
0
0
0
0
0
17.872
0
0
2.215
0
0
0
0
2.558
0
0
0
0
0
0.972
0
0
0.772
0
0
2.419
0
0
0
0
0
0
2.366
0.34
0
4.635
0
0
0
0
4.671
0
0
0
0
0
0
0
0
0
0
0
0
0
0
0
0
0
0
0